0 0.405012 0.360337 0.72589 0.693711 0.685696 0.690962 0.671982 0.688151 0.670856 0.691961 0.706416 0.358576 0.495472 0.514388 0.508891
0.405012 0 0.408657 0.725514 0.731656 0.728733 0.732759 0.725666 0.713515 0.682735 0.72639 0.723132 0.407528 0.539333 0.537143 0.565501
0.360337 0.408657 0 0.702045 0.715678 0.715505 0.710069 0.715081 0.70693 0.666268 0.726187 0.735594 0.356927 0.501934 0.507576 0.537256
0.72589 0.725514 0.702045 0 0.670086 0.674788 0.673151 0.662431 0.652559 0.633055 0.68014 0.671139 0.717718 0.755018 0.757406 0.764192
0.693711 0.731656 0.715678 0.670086 0 0.148107 0.144831 0.117451 0.313162 0.29198 0.332064 0.339602 0.734379 0.772904 0.766047 0.777625
0.685696 0.728733 0.715505 0.674788 0.148107 0 0.117454 0.122556 0.315746 0.306889 0.326075 0.350451 0.735094 0.770244 0.768201 0.786318
0.690962 0.732759 0.710069 0.673151 0.144831 0.117454 0 0.11209 0.305671 0.293767 0.322858 0.345891 0.729796 0.77671 0.765969 0.783106
0.671982 0.725666 0.715081 0.662431 0.117451 0.122556 0.11209 0 0.304263 0.292317 0.313875 0.337741 0.72123 0.764527 0.757593 0.775179
0.688151 0.713515 0.70693 0.652559 0.313162 0.315746 0.305671 0.304263 0 0.154676 0.148652 0.145661 0.723217 0.753744 0.730034 0.750688
0.670856 0.682735 0.666268 0.633055 0.29198 0.306889 0.293767 0.292317 0.154676 0 0.146061 0.1549 0.681022 0.706814 0.703983 0.728355
0.691961 0.72639 0.726187 0.68014 0.332064 0.326075 0.322858 0.313875 0.148652 0.146061 0 0.157669 0.752941 0.780508 0.763577 0.788755
0.706416 0.723132 0.735594 0.671139 0.339602 0.350451 0.345891 0.337741 0.145661 0.1549 0.157669 0 0.748436 0.780769 0.765312 0.783983
0.358576 0.407528 0.356927 0.717718 0.734379 0.735094 0.729796 0.72123 0.723217 0.681022 0.752941 0.748436 0 0.499316 0.52915 0.540526
0.495472 0.539333 0.501934 0.755018 0.772904 0.770244 0.77671 0.764527 0.753744 0.706814 0.780508 0.780769 0.499316 0 0.354271 0.37264
0.514388 0.537143 0.507576 0.757406 0.766047 0.768201 0.765969 0.757593 0.730034 0.703983 0.763577 0.765312 0.52915 0.354271 0 0.331851
0.508891 0.565501 0.537256 0.764192 0.777625 0.786318 0.783106 0.775179 0.750688 0.728355 0.788755 0.783983 0.540526 0.37264 0.331851 0
