0 0.231946 0.268974 0.440792 0.437471 0.234466 0.277616 0.437395 0.461571 0.252073 0.290242 0.432432 0.272575 0.469497 0.488898
0.231946 0 0.283347 0.451128 0.431455 0.212284 0.290871 0.424469 0.486486 0.26292 0.301285 0.435127 0.286953 0.467103 0.505171
0.268974 0.283347 0 0.437244 0.44347 0.29483 0.215622 0.417825 0.486762 0.22608 0.239431 0.420622 0.229116 0.460984 0.502919
0.440792 0.451128 0.437244 0 0.293103 0.449695 0.462454 0.415048 0.321355 0.457399 0.48069 0.431884 0.44385 0.284326 0.309062
0.437471 0.431455 0.44347 0.293103 0 0.458661 0.452612 0.443309 0.333179 0.454044 0.48444 0.447601 0.445421 0.289643 0.307172
0.234466 0.212284 0.29483 0.449695 0.458661 0 0.292388 0.439805 0.492495 0.280143 0.303067 0.427814 0.300646 0.496029 0.520385
0.277616 0.290871 0.215622 0.462454 0.452612 0.292388 0 0.438037 0.5 0.229839 0.247654 0.426048 0.238909 0.491172 0.52247
0.437395 0.424469 0.417825 0.415048 0.443309 0.439805 0.438037 0 0.458316 0.427357 0.458761 0.288366 0.441176 0.426157 0.450235
0.461571 0.486486 0.486762 0.321355 0.333179 0.492495 0.5 0.458316 0 0.494537 0.514953 0.469934 0.482041 0.35628 0.387084
0.252073 0.26292 0.22608 0.457399 0.454044 0.280143 0.229839 0.427357 0.494537 0 0.229899 0.414763 0.220926 0.47638 0.522745
0.290242 0.301285 0.239431 0.48069 0.48444 0.303067 0.247654 0.458761 0.514953 0.229899 0 0.450041 0.254078 0.506034 0.543036
0.432432 0.435127 0.420622 0.431884 0.447601 0.427814 0.426048 0.288366 0.469934 0.414763 0.450041 0 0.436423 0.444309 0.464611
0.272575 0.286953 0.229116 0.44385 0.445421 0.300646 0.238909 0.441176 0.482041 0.220926 0.254078 0.436423 0 0.478732 0.506052
0.469497 0.467103 0.460984 0.284326 0.289643 0.496029 0.491172 0.426157 0.35628 0.47638 0.506034 0.444309 0.478732 0 0.291698
0.488898 0.505171 0.502919 0.309062 0.307172 0.520385 0.52247 0.450235 0.387084 0.522745 0.543036 0.464611 0.506052 0.291698 0
