0 0.255319 0.244358 0.241705 0.590135 0.584534 0.442577 0.232199 0.20371 0.570225 0.244117 0.593959 0.604951
0.255319 0 0.238708 0.243841 0.631157 0.631143 0.43581 0.278412 0.258519 0.600057 0.262801 0.633646 0.647289
0.244358 0.238708 0 0.219182 0.647998 0.653446 0.453103 0.276518 0.266519 0.627627 0.284566 0.651833 0.658024
0.241705 0.243841 0.219182 0 0.663564 0.665928 0.442951 0.2631 0.255568 0.644824 0.285168 0.664091 0.669712
0.590135 0.631157 0.647998 0.663564 0 0.541542 0.566424 0.636142 0.650493 0.344697 0.666131 0.540775 0.571279
0.584534 0.631143 0.653446 0.665928 0.541542 0 0.583357 0.630496 0.629373 0.511661 0.655683 0.326124 0.324547
0.442577 0.43581 0.453103 0.442951 0.566424 0.583357 0 0.440702 0.434352 0.546495 0.461432 0.581681 0.59358
0.232199 0.278412 0.276518 0.2631 0.636142 0.630496 0.440702 0 0.227537 0.608051 0.242913 0.634427 0.660656
0.20371 0.258519 0.266519 0.255568 0.650493 0.629373 0.434352 0.227537 0 0.614917 0.231507 0.6426 0.651389
0.570225 0.600057 0.627627 0.644824 0.344697 0.511661 0.546495 0.608051 0.614917 0 0.630133 0.506294 0.531805
0.244117 0.262801 0.284566 0.285168 0.666131 0.655683 0.461432 0.242913 0.231507 0.630133 0 0.673237 0.675135
0.593959 0.633646 0.651833 0.664091 0.540775 0.326124 0.581681 0.634427 0.6426 0.506294 0.673237 0 0.354081
0.604951 0.647289 0.658024 0.669712 0.571279 0.324547 0.59358 0.660656 0.651389 0.531805 0.675135 0.354081 0
