0 0.106995 0.090093 0.111147 0.07996 0.08811 0.083014 0.114286 0.109936 0.119628 0.091807 0.088668 0.081327 0.149745 0.091755 0.081306 0.1125 0.104558 0.08463 0.095868 0.090851 0.087591 0.093015 0.098746 0.088527 0.106767 0.084608 0.091285 0.084806 0.108221 0.085548 0.115008 0.108571 0.108571 0.1159 0.141786 0.12129 0.151329 0.127226 0.142903 0.147992 0.121688 0.146795 0.138672 0.115817 0.133712 0.123433 0.136522 0.119379 0.120165
0.106995 0 0.111289 0.11478 0.100877 0.09594 0.10962 0.09371 0.088462 0.099391 0.110452 0.104454 0.109121 0.158365 0.104367 0.106697 0.097882 0.125957 0.105041 0.120723 0.117362 0.099809 0.108044 0.098937 0.103834 0.093658 0.106619 0.104306 0.108542 0.105837 0.107398 0.097121 0.091082 0.091082 0.096455 0.144535 0.120923 0.156139 0.135231 0.148562 0.151505 0.126922 0.154487 0.142299 0.121854 0.143218 0.134448 0.146751 0.129196 0.132339
0.090093 0.111289 0 0.110077 0.08753 0.103777 0.08344 0.124164 0.111254 0.122626 0.099438 0.090822 0.090761 0.155128 0.097522 0.087488 0.122508 0.09728 0.091352 0.10586 0.107016 0.097196 0.091934 0.100517 0.096567 0.115904 0.088947 0.095711 0.091524 0.11104 0.090555 0.120279 0.114085 0.114085 0.117062 0.145103 0.128158 0.157775 0.135847 0.149392 0.154121 0.127255 0.151204 0.145704 0.129439 0.138106 0.126529 0.142085 0.123649 0.123092
0.111147 0.11478 0.110077 0 0.100812 0.11377 0.105852 0.128058 0.112396 0.126485 0.113456 0.110683 0.102898 0.144501 0.112644 0.102729 0.124679 0.115679 0.107722 0.12129 0.124475 0.107222 0.093483 0.114194 0.106948 0.119987 0.10832 0.113484 0.107074 0.111504 0.105229 0.128124 0.117535 0.117535 0.120077 0.134421 0.130499 0.147355 0.12945 0.141169 0.144754 0.126885 0.138506 0.132746 0.123633 0.146827 0.128015 0.142948 0.12294 0.129124
0.07996 0.100877 0.08753 0.100812 0 0.089542 0.086883 0.10629 0.103786 0.102842 0.085921 0.090756 0.08085 0.148298 0.085589 0.073311 0.103145 0.093571 0.086025 0.090323 0.095918 0.074622 0.092096 0.094687 0.078041 0.106061 0.084938 0.086253 0.089648 0.100542 0.082622 0.110776 0.103367 0.103367 0.110736 0.134109 0.11985 0.148893 0.126919 0.136533 0.146599 0.125769 0.13855 0.130912 0.121401 0.131438 0.124068 0.131791 0.119128 0.12164
0.08811 0.09594 0.103777 0.11377 0.089542 0 0.100164 0.102865 0.095176 0.108888 0.10828 0.102228 0.102027 0.148088 0.102068 0.093351 0.099507 0.112018 0.098941 0.110379 0.109865 0.097656 0.100277 0.096806 0.096563 0.099866 0.098065 0.101927 0.09616 0.102202 0.089616 0.105348 0.094819 0.094819 0.104351 0.135243 0.120562 0.149619 0.127068 0.142717 0.143849 0.121617 0.143701 0.136409 0.120701 0.132405 0.11726 0.13394 0.120208 0.123577
0.083014 0.10962 0.08344 0.105852 0.086883 0.100164 0 0.113297 0.108333 0.11499 0.091538 0.080588 0.07987 0.155172 0.087152 0.079091 0.112075 0.093193 0.084142 0.106602 0.097128 0.088776 0.095886 0.089533 0.090793 0.104262 0.083686 0.083333 0.086705 0.105263 0.0859 0.112827 0.102629 0.102629 0.10414 0.142625 0.120645 0.152449 0.130787 0.144724 0.146593 0.125245 0.151438 0.141322 0.121362 0.130668 0.12528 0.13093 0.121365 0.1172
0.114286 0.09371 0.124164 0.128058 0.10629 0.102865 0.113297 0 0.082563 0.084157 0.108382 0.104459 0.11894 0.167513 0.115605 0.109943 0.090127 0.122746 0.110216 0.128287 0.119705 0.10347 0.118086 0.102178 0.107302 0.084967 0.116219 0.111674 0.112033 0.107746 0.114939 0.086575 0.093632 0.093632 0.091888 0.157588 0.134307 0.168814 0.145612 0.157261 0.16297 0.139981 0.158614 0.153995 0.13575 0.147151 0.134842 0.147706 0.135721 0.135305
0.109936 0.088462 0.111254 0.112396 0.103786 0.095176 0.108333 0.082563 0 0.086412 0.107261 0.108186 0.107632 0.159782 0.107292 0.100193 0.084702 0.121959 0.1061 0.120388 0.11536 0.110121 0.105155 0.098223 0.104875 0.082566 0.105298 0.103228 0.106178 0.089418 0.103448 0.087191 0.085323 0.085323 0.083867 0.146357 0.130451 0.15974 0.136555 0.149632 0.158627 0.129708 0.150513 0.150685 0.127327 0.144258 0.126851 0.138862 0.123571 0.13096
0.119628 0.099391 0.122626 0.126485 0.102842 0.108888 0.11499 0.084157 0.086412 0 0.114787 0.118252 0.117705 0.169339 0.119537 0.113395 0.085696 0.127116 0.111797 0.124555 0.133247 0.113976 0.119576 0.107409 0.113214 0.093008 0.116743 0.11697 0.117004 0.101673 0.120208 0.098288 0.095132 0.095132 0.088405 0.151733 0.124725 0.169 0.144571 0.154068 0.162776 0.141735 0.16158 0.151535 0.139203 0.152167 0.132926 0.14803 0.135599 0.133906
0.091807 0.110452 0.099438 0.113456 0.085921 0.10828 0.091538 0.108382 0.107261 0.114787 0 0.09061 0.090027 0.155417 0.092739 0.091269 0.112727 0.095504 0.086769 0.10757 0.09761 0.095379 0.103161 0.104077 0.083361 0.109464 0.090422 0.087955 0.089468 0.102776 0.090243 0.109661 0.108888 0.108888 0.104379 0.143909 0.127043 0.159227 0.133822 0.148831 0.151252 0.126595 0.152778 0.144578 0.126237 0.141832 0.127934 0.13449 0.126512 0.125082
0.088668 0.104454 0.090822 0.110683 0.090756 0.102228 0.080588 0.104459 0.108186 0.118252 0.09061 0 0.079831 0.15589 0.089945 0.0785 0.116645 0.094219 0.078743 0.103749 0.102001 0.083386 0.10034 0.094516 0.089366 0.112134 0.087794 0.088273 0.086384 0.110109 0.087958 0.110443 0.109559 0.109559 0.109655 0.154122 0.127979 0.166342 0.135922 0.150606 0.15621 0.133311 0.155178 0.148895 0.12947 0.142767 0.132669 0.142993 0.12718 0.131788
0.081327 0.109121 0.090761 0.102898 0.08085 0.102027 0.07987 0.11894 0.107632 0.117705 0.090027 0.079831 0 0.149254 0.088744 0.078201 0.118511 0.093831 0.081606 0.088583 0.09633 0.084493 0.092069 0.099836 0.086858 0.108819 0.089646 0.083955 0.080456 0.110748 0.088303 0.114902 0.109926 0.109926 0.114146 0.137475 0.120015 0.152984 0.132807 0.139837 0.148782 0.126784 0.140671 0.134634 0.116303 0.139781 0.122715 0.141013 0.124516 0.122456
0.149745 0.158365 0.155128 0.144501 0.148298 0.148088 0.155172 0.167513 0.159782 0.169339 0.155417 0.15589 0.149254 0 0.160371 0.153649 0.165117 0.176059 0.151554 0.170213 0.171023 0.152284 0.144661 0.146302 0.148515 0.154149 0.148763 0.152645 0.145285 0.15557 0.148557 0.174352 0.162496 0.162496 0.166454 0.081407 0.082327 0.08193 0.101066 0.072385 0.078216 0.098955 0.074856 0.071545 0.132694 0.144612 0.129695 0.144983 0.1284 0.13082
0.091755 0.104367 0.097522 0.112644 0.085589 0.102068 0.087152 0.115605 0.107292 0.119537 0.092739 0.089945 0.088744 0.160371 0 0.088311 0.120618 0.10163 0.091529 0.100647 0.104173 0.086832 0.097711 0.101098 0.09356 0.114803 0.092157 0.09364 0.089389 0.112753 0.085714 0.12199 0.115458 0.115458 0.114843 0.151357 0.128299 0.163524 0.137808 0.14848 0.154493 0.134382 0.153032 0.149414 0.124917 0.143309 0.127536 0.145622 0.129606 0.128817
0.081306 0.106697 0.087488 0.102729 0.073311 0.093351 0.079091 0.109943 0.100193 0.113395 0.091269 0.0785 0.078201 0.153649 0.088311 0 0.111111 0.090764 0.08209 0.102067 0.095023 0.083731 0.090661 0.091495 0.089103 0.108402 0.087169 0.088385 0.086146 0.100161 0.083063 0.1109 0.107541 0.107541 0.10784 0.141319 0.124542 0.15627 0.128122 0.142629 0.150454 0.127332 0.146341 0.139133 0.126201 0.13852 0.128856 0.140635 0.124802 0.125794
0.1125 0.097882 0.122508 0.124679 0.103145 0.099507 0.112075 0.090127 0.084702 0.085696 0.112727 0.116645 0.118511 0.165117 0.120618 0.111111 0 0.130351 0.109375 0.121683 0.125566 0.111855 0.114715 0.102946 0.109149 0.084539 0.116917 0.119116 0.11723 0.107177 0.114258 0.095812 0.094358 0.094358 0.0875 0.157395 0.133431 0.164824 0.145224 0.154019 0.163583 0.140794 0.159281 0.153168 0.139396 0.148559 0.137564 0.152575 0.133227 0.137953
0.104558 0.125957 0.09728 0.115679 0.093571 0.112018 0.093193 0.122746 0.121959 0.127116 0.095504 0.094219 0.093831 0.176059 0.10163 0.090764 0.130351 0 0.103259 0.109897 0.114791 0.103481 0.103261 0.110611 0.103789 0.125286 0.101722 0.106916 0.100897 0.117873 0.09264 0.133333 0.124565 0.124565 0.124563 0.165692 0.140146 0.177289 0.152531 0.164388 0.171447 0.143463 0.168686 0.166234 0.142291 0.163528 0.143954 0.156782 0.147588 0.146734
0.08463 0.105041 0.091352 0.107722 0.086025 0.098941 0.084142 0.110216 0.1061 0.111797 0.086769 0.078743 0.081606 0.151554 0.091529 0.08209 0.109375 0.103259 0 0.096437 0.094148 0.079278 0.097151 0.095331 0.079935 0.112181 0.08968 0.089032 0.089193 0.104235 0.086014 0.107017 0.101804 0.101804 0.108703 0.145353 0.120398 0.160972 0.130648 0.143966 0.152387 0.126695 0.149951 0.1359 0.124205 0.134849 0.126138 0.136247 0.126928 0.124759
0.095868 0.120723 0.10586 0.12129 0.090323 0.110379 0.106602 0.128287 0.120388 0.124555 0.10757 0.103749 0.088583 0.170213 0.100647 0.102067 0.121683 0.109897 0.096437 0 0.108908 0.09385 0.105749 0.112122 0.095868 0.124254 0.100461 0.104147 0.103236 0.119702 0.099967 0.122006 0.119743 0.119743 0.118994 0.164478 0.145688 0.173159 0.150408 0.163654 0.17238 0.153897 0.16726 0.161861 0.141196 0.159018 0.145449 0.159091 0.145187 0.145967
0.090851 0.117362 0.107016 0.124475 0.095918 0.109865 0.097128 0.119705 0.11536 0.133247 0.09761 0.102001 0.09633 0.171023 0.104173 0.095023 0.125566 0.114791 0.094148 0.108908 0 0.091026 0.103625 0.109954 0.098128 0.115741 0.100625 0.103249 0.099709 0.118562 0.103336 0.123764 0.122475 0.122475 0.127097 0.163051 0.132256 0.171298 0.153494 0.163344 0.169657 0.145114 0.169628 0.157912 0.136576 0.154409 0.143782 0.154781 0.13632 0.138196
0.087591 0.099809 0.097196 0.107222 0.074622 0.097656 0.088776 0.10347 0.110121 0.113976 0.095379 0.083386 0.084493 0.152284 0.086832 0.083731 0.111855 0.103481 0.079278 0.09385 0.091026 0 0.090601 0.096413 0.080584 0.106036 0.089968 0.09203 0.089923 0.106995 0.091787 0.111599 0.105893 0.105893 0.110476 0.146056 0.122263 0.1563 0.129904 0.143899 0.152858 0.130081 0.150985 0.136982 0.12253 0.135795 0.131059 0.142767 0.128141 0.129053
0.093015 0.108044 0.091934 0.093483 0.092096 0.100277 0.095886 0.118086 0.105155 0.119576 0.103161 0.10034 0.092069 0.144661 0.097711 0.090661 0.114715 0.103261 0.097151 0.105749 0.103625 0.090601 0 0.107118 0.093047 0.112608 0.097265 0.10353 0.093079 0.106886 0.090565 0.120311 0.11096 0.11096 0.111338 0.142956 0.125142 0.154589 0.134021 0.14782 0.152868 0.129578 0.14471 0.140345 0.122635 0.135089 0.126578 0.135748 0.121695 0.123348
0.098746 0.098937 0.100517 0.114194 0.094687 0.096806 0.089533 0.102178 0.098223 0.107409 0.104077 0.094516 0.099836 0.146302 0.101098 0.091495 0.102946 0.110611 0.095331 0.112122 0.109954 0.096413 0.107118 0 0.094886 0.09881 0.099016 0.100289 0.097087 0.090233 0.100457 0.10434 0.096609 0.096609 0.098424 0.141358 0.122149 0.148874 0.126467 0.143501 0.147097 0.123599 0.146916 0.134949 0.116077 0.13121 0.121928 0.130754 0.115544 0.11616
0.088527 0.103834 0.096567 0.106948 0.078041 0.096563 0.090793 0.107302 0.104875 0.113214 0.083361 0.089366 0.086858 0.148515 0.09356 0.089103 0.109149 0.103789 0.079935 0.095868 0.098128 0.080584 0.093047 0.094886 0 0.101017 0.091235 0.093571 0.085393 0.103116 0.094883 0.106974 0.105297 0.105297 0.104659 0.144303 0.115427 0.150632 0.134174 0.140261 0.148387 0.122422 0.151806 0.141322 0.11792 0.140246 0.127325 0.139829 0.124605 0.126979
0.106767 0.093658 0.115904 0.119987 0.106061 0.099866 0.104262 0.084967 0.082566 0.093008 0.109464 0.112134 0.108819 0.154149 0.114803 0.108402 0.084539 0.125286 0.112181 0.124254 0.115741 0.106036 0.112608 0.09881 0.101017 0 0.112742 0.109728 0.10939 0.099802 0.112218 0.092418 0.093107 0.093107 0.08459 0.141145 0.121156 0.153 0.12915 0.149655 0.153105 0.125251 0.147783 0.141903 0.115736 0.137841 0.127842 0.139596 0.124552 0.126347
0.084608 0.106619 0.088947 0.10832 0.084938 0.098065 0.083686 0.116219 0.105298 0.116743 0.090422 0.087794 0.089646 0.148763 0.092157 0.087169 0.116917 0.101722 0.08968 0.100461 0.100625 0.089968 0.097265 0.099016 0.091235 0.112742 0 0.081686 0.086032 0.104781 0.08402 0.116302 0.107154 0.107154 0.117398 0.139728 0.116115 0.152604 0.125041 0.142625 0.153998 0.125166 0.151337 0.136877 0.112909 0.126248 0.116629 0.131783 0.119148 0.116677
0.091285 0.104306 0.095711 0.113484 0.086253 0.101927 0.083333 0.111674 0.103228 0.11697 0.087955 0.088273 0.083955 0.152645 0.09364 0.088385 0.119116 0.106916 0.089032 0.104147 0.103249 0.09203 0.10353 0.100289 0.093571 0.109728 0.081686 0 0.094888 0.106056 0.090293 0.113936 0.107323 0.107323 0.106904 0.149074 0.124176 0.160737 0.142351 0.153651 0.157759 0.129159 0.158852 0.14295 0.123184 0.141424 0.13278 0.142362 0.129997 0.130915
0.084806 0.108542 0.091524 0.107074 0.089648 0.09616 0.086705 0.112033 0.106178 0.117004 0.089468 0.086384 0.080456 0.145285 0.089389 0.086146 0.11723 0.100897 0.089193 0.103236 0.099709 0.089923 0.093079 0.097087 0.085393 0.10939 0.086032 0.094888 0 0.104059 0.085224 0.117349 0.108031 0.108031 0.10947 0.138462 0.122344 0.150587 0.132922 0.141621 0.148052 0.124344 0.143638 0.133246 0.116866 0.137472 0.117401 0.131445 0.121106 0.119108
0.108221 0.105837 0.11104 0.111504 0.100542 0.102202 0.105263 0.107746 0.089418 0.101673 0.102776 0.110109 0.110748 0.15557 0.112753 0.100161 0.107177 0.117873 0.104235 0.119702 0.118562 0.106995 0.106886 0.090233 0.103116 0.099802 0.104781 0.106056 0.104059 0 0.105691 0.110229 0.105196 0.105196 0.103879 0.137332 0.117669 0.149268 0.130279 0.14721 0.148701 0.12586 0.146435 0.138708 0.126995 0.138466 0.126411 0.138677 0.121501 0.122651
0.085548 0.107398 0.090555 0.105229 0.082622 0.089616 0.0859 0.114939 0.103448 0.120208 0.090243 0.087958 0.088303 0.148557 0.085714 0.083063 0.114258 0.09264 0.086014 0.099967 0.103336 0.091787 0.090565 0.100457 0.094883 0.112218 0.08402 0.090293 0.085224 0.105691 0 0.117553 0.107499 0.107499 0.112083 0.13686 0.120384 0.149425 0.127827 0.144843 0.145336 0.125248 0.1442 0.134672 0.122196 0.135126 0.122602 0.136437 0.12203 0.123151
0.115008 0.097121 0.120279 0.128124 0.110776 0.105348 0.112827 0.086575 0.087191 0.098288 0.109661 0.110443 0.114902 0.174352 0.12199 0.1109 0.095812 0.133333 0.107017 0.122006 0.123764 0.111599 0.120311 0.10434 0.106974 0.092418 0.116302 0.113936 0.117349 0.110229 0.117553 0 0.090454 0.090454 0.087094 0.161717 0.136297 0.173941 0.15104 0.16378 0.169383 0.144106 0.165824 0.157912 0.138689 0.153058 0.143265 0.152045 0.138222 0.137003
0.108571 0.091082 0.114085 0.117535 0.103367 0.094819 0.102629 0.093632 0.085323 0.095132 0.108888 0.109559 0.109926 0.162496 0.115458 0.107541 0.094358 0.124565 0.101804 0.119743 0.122475 0.105893 0.11096 0.096609 0.105297 0.093107 0.107154 0.107323 0.108031 0.105196 0.107499 0.090454 0 1E-06 0.088086 0.150956 0.128524 0.16076 0.141388 0.153239 0.158216 0.130449 0.158246 0.146049 0.132872 0.149062 0.13781 0.149984 0.132016 0.134192
0.108571 0.091082 0.114085 0.117535 0.103367 0.094819 0.102629 0.093632 0.085323 0.095132 0.108888 0.109559 0.109926 0.162496 0.115458 0.107541 0.094358 0.124565 0.101804 0.119743 0.122475 0.105893 0.11096 0.096609 0.105297 0.093107 0.107154 0.107323 0.108031 0.105196 0.107499 0.090454 1E-06 0 0.088086 0.150956 0.128524 0.16076 0.141388 0.153239 0.158216 0.130449 0.158246 0.146049 0.132872 0.149062 0.13781 0.149984 0.132016 0.134192
0.1159 0.096455 0.117062 0.120077 0.110736 0.104351 0.10414 0.091888 0.083867 0.088405 0.104379 0.109655 0.114146 0.166454 0.114843 0.10784 0.0875 0.124563 0.108703 0.118994 0.127097 0.110476 0.111338 0.098424 0.104659 0.08459 0.117398 0.106904 0.10947 0.103879 0.112083 0.087094 0.088086 0.088086 0 0.159779 0.130355 0.165209 0.141287 0.157744 0.158048 0.136141 0.160806 0.149089 0.128392 0.148976 0.132735 0.144483 0.132785 0.132237
0.141786 0.144535 0.145103 0.134421 0.134109 0.135243 0.142625 0.157588 0.146357 0.151733 0.143909 0.154122 0.137475 0.081407 0.151357 0.141319 0.157395 0.165692 0.145353 0.164478 0.163051 0.146056 0.142956 0.141358 0.144303 0.141145 0.139728 0.149074 0.138462 0.137332 0.13686 0.161717 0.150956 0.150956 0.159779 0 0.07997 0.079459 0.098879 0.07557 0.07077 0.087795 0.075114 0.0715 0.123864 0.129552 0.126595 0.135467 0.119379 0.11597
0.12129 0.120923 0.128158 0.130499 0.11985 0.120562 0.120645 0.134307 0.130451 0.124725 0.127043 0.127979 0.120015 0.082327 0.128299 0.124542 0.133431 0.140146 0.120398 0.145688 0.132256 0.122263 0.125142 0.122149 0.115427 0.121156 0.116115 0.124176 0.122344 0.117669 0.120384 0.136297 0.128524 0.128524 0.130355 0.07997 0 0.088127 0.086315 0.087322 0.08395 0.083179 0.085536 0.077036 0.109288 0.107676 0.106172 0.110908 0.109449 0.09628
0.151329 0.156139 0.157775 0.147355 0.148893 0.149619 0.152449 0.168814 0.15974 0.169 0.159227 0.166342 0.152984 0.08193 0.163524 0.15627 0.164824 0.177289 0.160972 0.173159 0.171298 0.1563 0.154589 0.148874 0.150632 0.153 0.152604 0.160737 0.150587 0.149268 0.149425 0.173941 0.16076 0.16076 0.165209 0.079459 0.088127 0 0.100557 0.082928 0.084179 0.099901 0.080519 0.08842 0.128935 0.144459 0.130945 0.147588 0.130784 0.133119
0.127226 0.135231 0.135847 0.12945 0.126919 0.127068 0.130787 0.145612 0.136555 0.144571 0.133822 0.135922 0.132807 0.101066 0.137808 0.128122 0.145224 0.152531 0.130648 0.150408 0.153494 0.129904 0.134021 0.126467 0.134174 0.12915 0.125041 0.142351 0.132922 0.130279 0.127827 0.15104 0.141388 0.141388 0.141287 0.098879 0.086315 0.100557 0 0.0927 0.09474 0.079868 0.098414 0.089562 0.112412 0.112105 0.105297 0.118987 0.104774 0.105229
0.142903 0.148562 0.149392 0.141169 0.136533 0.142717 0.144724 0.157261 0.149632 0.154068 0.148831 0.150606 0.139837 0.072385 0.14848 0.142629 0.154019 0.164388 0.143966 0.163654 0.163344 0.143899 0.14782 0.143501 0.140261 0.149655 0.142625 0.153651 0.141621 0.14721 0.144843 0.16378 0.153239 0.153239 0.157744 0.07557 0.087322 0.082928 0.0927 0 0.077394 0.095036 0.078863 0.072125 0.125414 0.142453 0.131991 0.144255 0.12776 0.124171
0.147992 0.151505 0.154121 0.144754 0.146599 0.143849 0.146593 0.16297 0.158627 0.162776 0.151252 0.15621 0.148782 0.078216 0.154493 0.150454 0.163583 0.171447 0.152387 0.17238 0.169657 0.152858 0.152868 0.147097 0.148387 0.153105 0.153998 0.157759 0.148052 0.148701 0.145336 0.169383 0.158216 0.158216 0.158048 0.07077 0.08395 0.084179 0.09474 0.077394 0 0.097328 0.078786 0.075534 0.129549 0.132419 0.131153 0.1392 0.123239 0.126643
0.121688 0.126922 0.127255 0.126885 0.125769 0.121617 0.125245 0.139981 0.129708 0.141735 0.126595 0.133311 0.126784 0.098955 0.134382 0.127332 0.140794 0.143463 0.126695 0.153897 0.145114 0.130081 0.129578 0.123599 0.122422 0.125251 0.125166 0.129159 0.124344 0.12586 0.125248 0.144106 0.130449 0.130449 0.136141 0.087795 0.083179 0.099901 0.079868 0.095036 0.097328 0 0.091326 0.084661 0.111336 0.114341 0.107506 0.114175 0.103404 0.104802
0.146795 0.154487 0.151204 0.138506 0.13855 0.143701 0.151438 0.158614 0.150513 0.16158 0.152778 0.155178 0.140671 0.074856 0.153032 0.146341 0.159281 0.168686 0.149951 0.16726 0.169628 0.150985 0.14471 0.146916 0.151806 0.147783 0.151337 0.158852 0.143638 0.146435 0.1442 0.165824 0.158246 0.158246 0.160806 0.075114 0.085536 0.080519 0.098414 0.078863 0.078786 0.091326 0 0.069033 0.134858 0.136005 0.129291 0.142134 0.125752 0.127977
0.138672 0.142299 0.145704 0.132746 0.130912 0.136409 0.141322 0.153995 0.150685 0.151535 0.144578 0.148895 0.134634 0.071545 0.149414 0.139133 0.153168 0.166234 0.1359 0.161861 0.157912 0.136982 0.140345 0.134949 0.141322 0.141903 0.136877 0.14295 0.133246 0.138708 0.134672 0.157912 0.146049 0.146049 0.149089 0.0715 0.077036 0.08842 0.089562 0.072125 0.075534 0.084661 0.069033 0 0.119839 0.128139 0.117359 0.134044 0.117286 0.120517
0.115817 0.121854 0.129439 0.123633 0.121401 0.120701 0.121362 0.13575 0.127327 0.139203 0.126237 0.12947 0.116303 0.132694 0.124917 0.126201 0.139396 0.142291 0.124205 0.141196 0.136576 0.12253 0.122635 0.116077 0.11792 0.115736 0.112909 0.123184 0.116866 0.126995 0.122196 0.138689 0.132872 0.132872 0.128392 0.123864 0.109288 0.128935 0.112412 0.125414 0.129549 0.111336 0.134858 0.119839 0 0.099804 0.073065 0.087742 0.078464 0.078212
0.133712 0.143218 0.138106 0.146827 0.131438 0.132405 0.130668 0.147151 0.144258 0.152167 0.141832 0.142767 0.139781 0.144612 0.143309 0.13852 0.148559 0.163528 0.134849 0.159018 0.154409 0.135795 0.135089 0.13121 0.140246 0.137841 0.126248 0.141424 0.137472 0.138466 0.135126 0.153058 0.149062 0.149062 0.148976 0.129552 0.107676 0.144459 0.112105 0.142453 0.132419 0.114341 0.136005 0.128139 0.099804 0 0.087686 0.098161 0.090881 0.089263
0.123433 0.134448 0.126529 0.128015 0.124068 0.11726 0.12528 0.134842 0.126851 0.132926 0.127934 0.132669 0.122715 0.129695 0.127536 0.128856 0.137564 0.143954 0.126138 0.145449 0.143782 0.131059 0.126578 0.121928 0.127325 0.127842 0.116629 0.13278 0.117401 0.126411 0.122602 0.143265 0.13781 0.13781 0.132735 0.126595 0.106172 0.130945 0.105297 0.131991 0.131153 0.107506 0.129291 0.117359 0.073065 0.087686 0 0.086459 0.072791 0.068976
0.136522 0.146751 0.142085 0.142948 0.131791 0.13394 0.13093 0.147706 0.138862 0.14803 0.13449 0.142993 0.141013 0.144983 0.145622 0.140635 0.152575 0.156782 0.136247 0.159091 0.154781 0.142767 0.135748 0.130754 0.139829 0.139596 0.131783 0.142362 0.131445 0.138677 0.136437 0.152045 0.149984 0.149984 0.144483 0.135467 0.110908 0.147588 0.118987 0.144255 0.1392 0.114175 0.142134 0.134044 0.087742 0.098161 0.086459 0 0.093045 0.083386
0.119379 0.129196 0.123649 0.12294 0.119128 0.120208 0.121365 0.135721 0.123571 0.135599 0.126512 0.12718 0.124516 0.1284 0.129606 0.124802 0.133227 0.147588 0.126928 0.145187 0.13632 0.128141 0.121695 0.115544 0.124605 0.124552 0.119148 0.129997 0.121106 0.121501 0.12203 0.138222 0.132016 0.132016 0.132785 0.119379 0.109449 0.130784 0.104774 0.12776 0.123239 0.103404 0.125752 0.117286 0.078464 0.090881 0.072791 0.093045 0 0.071764
0.120165 0.132339 0.123092 0.129124 0.12164 0.123577 0.1172 0.135305 0.13096 0.133906 0.125082 0.131788 0.122456 0.13082 0.128817 0.125794 0.137953 0.146734 0.124759 0.145967 0.138196 0.129053 0.123348 0.11616 0.126979 0.126347 0.116677 0.130915 0.119108 0.122651 0.123151 0.137003 0.134192 0.134192 0.132237 0.11597 0.09628 0.133119 0.105229 0.124171 0.126643 0.104802 0.127977 0.120517 0.078212 0.089263 0.068976 0.083386 0.071764 0
